tree
version=v4
num_class=1
num_tree_per_iteration=1
label_index=0
max_feature_idx=57
objective=binary sigmoid:1
feature_names=tick_volume spread atr atr_pct rsi adx plus_di minus_di bb_width bb_pct_b atr_percentile is_trading_session hour_utc dayofweek friday_cutoff asia_range dist_to_asia_high dist_to_asia_low sweep_high sweep_low bos choch bars_since_bos bars_since_choch h1_atr h1_adx h4_atr h4_adx stoch_k stoch_d fib_position fib_range_atr fib_dist_382 fib_dist_500 fib_dist_618 fib_in_golden mom_3 mom_6 mom_12 mom_24 mom_accel body_ratio upper_wick_ratio lower_wick_ratio close_position is_bullish vol_ratio vol_trend macd_hist_atr macd_cross_up macd_cross_dn htf_alignment is_uptrend_htf is_downtrend_htf is_london is_ny is_asia is_buy
feature_infos=[7:24477] [159:3352] [0.75834492258681785:62.224761420382734] [0.0002220379027801603:0.012066096343296038] [7.5157849440281694:92.211334109343554] [6.158859723358054:83.991788603972168] [1.3001715373193932:68.829885773297178] [0.99839896762022162:71.340357746930721] [0.00042360283440461965:0.11706338265903328] [-0.55475673263052838:1.5533994472734514] [0.0050000000000000001:1] [0:1] [0:23] [0:6] none [9.5869999999999891:410.5010000000002] [-258.47599999999966:507.89000000000033] [-348.77999999999975:451.61099999999988] [0:1] [0:1] [-1:1] none [-1:256] none [4.9629177637391297:125.68903101385655] [9.1384475668911005:63.591405945304054] [10.098157796827557:180.33643870706871] [7.7153544347628085:61.50951537891784] [0:100] [0.76160794284096112:99.435929003798492] [0:1] [3.1943161287973667:52.867207433579537] [5.5640003474022315e-06:0.61799999999999999] [0:0.5] [7.6458862141581818e-07:0.61799999999999999] [0:1] [-8.9199051201606707:8.3779204943980048] [-9.3416095579297043:9.5078376458556626] [-10.175110605833462:10.737910760616357] [-11.398134226184673:15.658269935293358] [-8.1796139782001429:9.3213154331206063] [0:1] [0:0.99246958872356272] [0:0.99678714859445317] [0:1] [0:1] [0.011071285237825046:11.350908793188145] [0.16262124209815179:3.5248323034728877] [-1.0429944415231234:1.0840371710003962] [0:1] [0:1] [0:1] [0:1] [0:1] [0:1] [0:1] [0:1] [0:1]
tree_sizes=1502 1323 1204 1777 1287 1323 1115 1343 1316 1546 1651

Tree=0
num_leaves=13
num_cat=0
split_feature=26 3 34 37 46 10 17 8 8 34 15 17
split_gain=24.6431 15.8863 11.8873 10.4258 9.60493 7.6223 6.44579 5.39212 3.53402 3.397 4.94767 2.01559
threshold=16.656035844550455 0.0043053672672022274 0.21959765612352233 -3.1495185548021851 2.1212584291374643 0.98795774647887336 63.830000000000389 0.0054451059580958262 0.027636244438843511 0.17446323900716856 23.496000000000098 -6.9079999999999009
decision_type=2 8 8 10 10 10 10 10 8 10 10 10
left_child=5 3 -3 4 -2 9 -5 -7 -4 10 -1 -11
right_child=1 2 8 6 -6 7 -8 -9 -10 11 -12 -13
leaf_value=-1.1467427649943667 -1.1299695309979634 -1.1302647313881982 -1.1417603015404463 -1.1325541519253532 -1.1118387669628917 -1.1476653031453774 -1.1280095974166644 -1.1193949681359547 -1.1560929823608239 -1.1456060778916486 -1.1180143344816622 -1.1605610887298947
leaf_weight=19.724455409217629 75.029329896904528 43.92619838565588 45.615667551755905 2140.2644537598826 44.088771325536072 9.2265061247162539 320.08715722244233 13.553179311566053 38.676556922495365 28.613210985902697 5.5054905237630001 33.585625776089728
leaf_count=1825 689 242 251 43287 289 318 4742 206 218 2246 504 2596
internal_value=-1.13262 -1.13206 -1.14231 -1.13154 -1.12289 -1.14647 -1.13197 -1.13226 -1.14889 -1.15047 -1.13902 -1.15447
internal_weight=2817.9 2707.69 128.218 2579.47 119.118 110.208 2460.35 22.7797 84.2922 87.4288 25.2299 62.1988
internal_count=57413 49718 711 49007 978 7695 48029 524 469 7171 2329 4842
is_linear=0
shrinkage=1


Tree=1
num_leaves=11
num_cat=0
split_feature=26 46 3 36 8 16 1 29 17 33
split_gain=28.9344 13.682 12.5734 8.91274 7.17163 6.48329 10.3844 4.92569 1.60631 1.47069
threshold=16.3805771342379 1.2885034087107481 0.0029451497830665853 -2.3433675863935677 0.0065303291765102514 -26.515499999999971 272.00000000000006 18.048687079676334 -4.8825000000001628 0.055641563636527648
decision_type=2 10 10 10 10 8 2 10 8 10
left_child=4 5 3 -3 8 6 -2 -7 -1 -10
right_child=1 2 -4 -5 -6 7 -8 -9 9 -11
leaf_value=0 0.013247850485540018 0.013564114149633485 -0.0078385133730491576 0.0039156547973836211 0.0010421299577305842 -0.0052660288584127817 -0.0046535033043178754 -0.00036956797999753327 -0.001161620581965971 -0.020664517744755168
leaf_weight=2.7120145610533655 73.177567587699741 104.22912995191291 68.664245713502169 616.95585142518394 16.912581995129585 211.07893674029037 44.233389387838542 1603.389891926432 7.2334643821232012 77.326577968662605
leaf_count=255 1596 809 377 8063 322 3857 674 34877 647 6027
internal_value=0.000239201 0.000846001 0.00417397 0.00536849 -0.015185 -0.000500572 0.006268 -0.00095829 -0.0186457 -0.0193799
internal_weight=2825.91 2721.73 789.849 721.185 104.185 1931.88 117.411 1814.47 87.2721 84.56
internal_count=57504 50253 9249 8872 7251 41004 2270 38734 6929 6674
is_linear=0
shrinkage=0.03


Tree=2
num_leaves=10
num_cat=0
split_feature=26 8 36 24 47 33 39 41 33
split_gain=27.1148 13.212 14.3006 9.92248 8.24644 6.67486 5.42218 3.81228 2.00442
threshold=16.3805771342379 0.027636244438843511 -2.3433675863935677 16.495062815067161 1.9578630090424232 0.17276722585422419 5.3878903897627426 0.38904327622948609 0.055641563636527648
decision_type=2 8 10 2 10 10 10 2 10
left_child=4 2 3 -2 6 -4 8 -3 -1
right_child=1 7 5 -5 -6 -7 -8 -9 -10
leaf_value=0 0.00084449867478032846 -0.0022647933284602852 -0.0015862084705668121 0.018934377243060904 0.020606105645143476 0.0016660706824602593 0.0025780224839325448 -0.017104196544214696 -0.020433934269358706
leaf_weight=6.9040093673393121 52.571108131669462 31.861519539728761 854.49414555658586 65.580994770862162 4.0378489061258724 1661.41619452741 8.7484811604954285 45.19029401242733 83.060579936718568
leaf_count=634 530 190 16448 420 47 32527 360 264 6188
internal_value=8.62495e-05 0.000672593 0.0010431 0.0112118 -0.0149528 0.000549368 -0.0169003 -0.01146 -0.0191317
internal_weight=2813.87 2711.11 2634.06 118.152 102.751 2515.91 98.7131 77.0518 89.9646
internal_count=57608 50379 49925 950 7229 48975 7182 454 6822
is_linear=0
shrinkage=0.03


Tree=3
num_leaves=15
num_cat=0
split_feature=3 3 34 54 37 31 17 25 13 12 17 31 31 7
split_gain=10.5003 10.5467 11.9036 8.29838 11.8894 9.86572 5.69476 5.48152 5.18889 5.68679 4.16313 3.42506 3.02598 2.54447
threshold=0.00071998158804141988 0.0036895005868716169 0.20684655356177029 1.0000000180025095e-35 -2.8788059648295734 5.2129588796054485 32.395999999999965 32.027777532073372 2.5000000000000004 17.500000000000004 -6.23199999999997 17.184195974225307 10.43563927709185 9.8323821310539543
decision_type=10 10 10 2 10 10 10 2 2 2 8 10 8 10
left_child=7 3 -3 4 -2 -5 -4 10 9 -9 11 -1 -10 -12
right_child=1 2 6 5 -6 -7 -8 8 12 -11 13 -13 -14 -15
leaf_value=0.030346867998739372 0.011521669877710829 0.0043791217818165713 -0.017225215327938803 0.01565720011333056 0.0014222501905493488 -0.0026076822769636292 -0.0017939577290112369 0.0029155137421203797 0.039448042552146817 -0.024976670663251273 0.0023906033863932566 -0.0050683670191621396 0.0014629568948844132 -0.012453310186284089
leaf_weight=3.1185259046033025 112.29977853083983 53.400712039321661 74.272486008703709 26.414656715933233 1685.1908130850643 642.71079988405108 36.964696541428566 23.15487284259871 3.5828363667242202 7.5122102717868975 7.4253900568000963 2.8823713446035981 6.5375358720775703 119.84988573868759
leaf_count=228 972 298 417 320 31225 9895 206 2189 261 623 428 197 472 9773
internal_value=2.06188e-05 0.000504422 -0.00680077 0.00100673 0.00207596 -0.00181959 -0.0124263 -0.00708259 0.00190555 -0.00354257 -0.0100504 0.0107568 0.0199464 -0.0113415
internal_weight=2805.32 2631.25 164.638 2466.62 1797.49 669.125 111.237 174.064 40.7875 30.6671 133.276 6.0009 10.1204 127.275
internal_count=57504 43333 921 42412 32197 10215 623 14171 3545 2812 10626 425 733 10201
is_linear=0
shrinkage=0.03


Tree=4
num_leaves=11
num_cat=0
split_feature=26 3 36 13 31 10 10 25 24 39
split_gain=25.3393 11.9836 11.5591 6.41644 6.24046 6.18018 1.33045 1.2512 1.20803 1.06236
threshold=16.3805771342379 0.0063454320592082622 -2.3433675863935677 1.5000000000000002 9.9758378946990636 0.98795774647887336 0.45565533980582534 39.028266339811417 7.5753563070391108 5.3878903897627426
decision_type=2 8 10 2 10 10 10 2 2 10
left_child=5 2 3 -2 -4 6 7 -1 -7 -8
right_child=1 -3 4 -5 -6 8 9 -9 -10 -11
leaf_value=-0.012974425942863292 0.018532195213026587 -0.015560109593412893 -0.0012046943951925101 0.0037094697197582048 0.0017603827841184314 -0.0077372020154499515 -0.023148477486770559 0 0.0054765357009467905 0
leaf_weight=19.214687549741942 46.628056735266 40.13498230278492 1253.5176054581534 75.230432923417538 1292.4041231861338 10.696002188837157 50.583735448308289 4.7771136229857794 11.905187460593877 3.9794001975096753
leaf_count=2335 383 229 20752 596 28266 293 3566 587 216 170
internal_value=-6.58647e-05 0.000476552 0.000734794 0.00973011 0.00028881 -0.0147424 -0.0186815 -0.00954467 0 -0.021915
internal_weight=2809.07 2707.92 2667.78 121.858 2545.92 101.156 78.5549 23.9918 22.6012 54.5631
internal_count=57393 50226 49997 979 49018 7167 6658 2922 509 3736
is_linear=0
shrinkage=0.03


Tree=5
num_leaves=11
num_cat=0
split_feature=24 46 3 36 47 8 43 15 34 25
split_gain=26.3856 17.665 11.3549 11.433 7.71507 6.20932 4.98476 2.4823 2.61713 2.19851
threshold=8.9996306556292875 1.250185419789122 0.0029451497830665853 -2.3433675863935677 1.9578630090424232 0.033817039511770723 0.015767842955950111 23.496000000000098 0.2106622540309542 13.265316683464048
decision_type=2 10 10 10 10 8 2 10 10 2
left_child=4 5 3 -3 7 6 -2 9 -9 -1
right_child=1 2 -4 -5 -6 -7 -8 8 -10 -11
leaf_value=0 -0.0059985520622852966 0.014728977204703715 -0.0067957840044750983 0.0041009527821346753 0.01748785001837181 -0.014801029984557084 1.131602331988354e-05 0.0043704454026766357 -0.011853807494566609 -0.018909600414245699
leaf_weight=6.2110175227280697 132.21679548360407 109.10662196809426 68.999577559530735 659.52790467999876 5.4164490415714672 26.578195044770837 1696.0323113535997 10.208962178556247 23.103663780959323 81.322728413389996
leaf_count=470 2629 808 381 8533 64 164 35788 917 1662 6130
internal_value=0.000338009 0.000978948 0.00459658 0.00566574 -0.0129941 -0.000640194 -0.000409952 -0.0147389 -0.00602496 -0.0176108
internal_weight=2818.72 2692.46 837.634 768.635 126.263 1854.83 1828.25 120.846 33.3126 87.5337
internal_count=57546 48303 9722 9341 9243 38581 38417 9179 2579 6600
is_linear=0
shrinkage=0.03


Tree=6
num_leaves=9
num_cat=0
split_feature=26 8 47 36 27 16 24 13
split_gain=18.8881 15.9498 13.4435 12.8595 8.56617 6.92564 6.91637 3.54583
threshold=17.106847697380811 0.033817039511770723 1.6792601684256956 -2.3433675863935677 44.657030637903397 -58.43349999999986 17.371831430869026 3.5000000000000004
decision_type=2 8 10 10 2 8 2 2
left_child=2 3 4 6 7 -5 -2 -1
right_child=1 -3 -4 5 -6 -7 -8 -9
leaf_value=-0.018929196000195887 0.0021390690862794466 -0.017843309753894934 0.021260051310105901 0.0095437298702907517 0.02793523370496126 0.0001243875842467697 0.017089798099811589 -0.0026392241590932767
leaf_weight=87.342476576101035 57.911030930932611 40.486042533069849 8.7182361700106394 71.606069623958319 2.7254845090210429 2459.4559434289113 64.627419590950012 19.492623083060607
leaf_count=6529 571 247 149 899 120 47051 401 1654
internal_value=5.35496e-05 0.000581172 -0.0116169 0.000880192 -0.0146731 0.000406381 0.0103415 -0.0162872
internal_weight=2812.37 2694.09 118.279 2653.6 109.561 2531.06 122.538 106.835
internal_count=57621 49169 8452 48922 8303 47950 972 8183
is_linear=0
shrinkage=0.03


Tree=7
num_leaves=11
num_cat=0
split_feature=26 3 46 34 5 13 3 17 48 4
split_gain=19.9566 13.9115 13.7539 12.1079 9.5754 8.92585 6.83571 3.41468 2.95365 2.76729
threshold=16.3805771342379 0.0043053672672022274 1.2885034087107481 0.2106622540309542 47.570162884009214 1.0000000180025095e-35 0.0012260757290307762 -6.23199999999997 -0.055814747908166727 77.133238985383926
decision_type=2 8 10 8 10 2 10 8 10 2
left_child=6 2 4 -3 -2 -4 7 -1 -5 -9
right_child=1 3 5 8 -6 -7 -8 9 -10 -11
leaf_value=0.0086278892895287652 -0.00067934623744056683 0.0034832187381515392 0.011351351485219058 -0.022802606079233029 0.0089279716398178773 0.0029760508617899676 0.0097857644046397078 -0.017613842608586904 -0.0090922541615133332 0.0034216867790616383
leaf_weight=2.9469646457582712 1730.9497601110488 41.384504538029432 146.17799556744285 36.335008502006531 97.576072356197983 614.43654511473142 8.7456260779872519 86.005603837314993 44.017061337828636 3.1949671236798158
leaf_count=220 38797 229 1878 212 1669 7226 138 6795 248 126
internal_value=0.000271617 0.000771688 0.00124925 -0.00906826 -0.000145671 0.00463783 -0.012746 -0.0152886 -0.0158649 -0.0164982
internal_weight=2811.77 2710.88 2589.14 121.737 1828.53 760.615 100.893 92.1475 80.3521 89.2006
internal_count=57538 50259 49570 689 40466 9104 7279 7141 460 6921
is_linear=0
shrinkage=0.03


Tree=8
num_leaves=11
num_cat=0
split_feature=26 8 6 2 37 8 31 34 15 13
split_gain=18.6067 10.6719 7.98478 10.0032 7.27271 4.41404 3.90231 1.78075 5.47418 1.6092
threshold=16.3805771342379 0.033817039511770723 39.300893278785828 7.5199827816176681 -2.5905939444318475 0.0053657206143699378 9.4927043003118516 0.17446323900716856 23.755499999999987 5.0000000000000009
decision_type=2 8 10 10 10 10 10 10 10 2
left_child=5 2 4 -4 -2 7 -7 8 -1 -9
right_child=1 -3 3 -5 -6 6 -8 9 -10 -11
leaf_value=-0.014009962170608863 0.0057706750778830076 -0.014987638941170616 0.017505693223468125 -0.0062231679517012204 -7.7891487484542008e-05 -0.012678519145601778 0.0098953958551763945 -0.021343585980053831 0.021957245722394415 0
leaf_weight=18.200506187044088 206.167933749035 38.692077022045851 51.794163336511701 20.068313799798489 2396.4246938610449 12.817849960178139 12.260193129070101 48.078192315530032 3.3174338801763943 4.4543397028464815
leaf_count=1848 1886 233 635 129 47336 268 303 4083 286 420
internal_value=-3.52612e-05 0.000422584 0.00066226 0.010473 0.000375927 -0.0127452 -0.000535892 -0.016418 -0.00640376 -0.0197633
internal_weight=2812.28 2713.15 2674.46 71.8625 2602.59 99.1285 25.078 74.0505 21.5179 52.5325
internal_count=57427 50219 49986 764 49222 7208 571 6637 2134 4503
is_linear=0
shrinkage=0.03


Tree=9
num_leaves=13
num_cat=0
split_feature=26 3 34 34 26 16 10 27 34 10 27 16
split_gain=16.7293 14.8847 8.03271 7.26958 11.9686 7.93499 6.62709 2.33106 2.26969 3.04602 1.60295 1.34494
threshold=16.656035844550455 0.0043053672672022274 0.19457276981892024 0.36321247249883887 24.354349867796355 2.6654999999998386 0.98795774647887336 22.371791549589521 0.17446323900716856 0.40750000000000003 39.526020056939913 238.77300000000017
decision_type=2 8 8 10 2 10 10 2 10 10 2 8
left_child=6 3 -3 5 -5 -2 8 -8 9 -1 -10 -4
right_child=1 2 11 4 -6 -7 7 -9 10 -11 -12 -13
leaf_value=0.0091481618671497081 0.0012444524831458489 0.00092186684868017055 -0.0085487804141752242 -0.0069551235422587307 0.0049643334739613723 -0.0026517233799338989 -0.0085184277566479755 0.010129958685684242 -0.020801747912968963 -0.012692316267380561 0 -0.019103102289680048
leaf_weight=5.9777169825974878 1149.7885730867274 35.90410852432251 34.887877807021141 84.903645996237174 559.03087090095505 790.98490431462415 8.5626794125419128 13.107822912279515 54.530912017216906 17.275708276545629 4.6747224826831362 49.277436468750238
leaf_count=861 23494 199 195 2714 7486 15291 265 244 4601 1425 291 291
internal_value=-0.000363476 8.1845e-05 -0.0101862 0.000574189 0.00333787 -0.000328578 -0.0121069 0.00138738 -0.0159868 -0.00569519 -0.0193688 -0.0152322
internal_weight=2808.91 2704.78 120.069 2584.71 643.935 1940.77 104.13 21.6705 82.4591 23.2534 59.2056 84.1653
internal_count=57357 49670 685 48985 10200 38785 7687 509 7178 2286 4892 486
is_linear=0
shrinkage=0.03


Tree=10
num_leaves=14
num_cat=0
split_feature=26 26 36 10 2 31 15 10 48 34 15 31 17
split_gain=17.812 10.5626 10.4573 9.77702 12.049 7.87294 7.1454 6.58818 4.02084 2.72607 4.59438 0.836563 0.392614
threshold=16.3805771342379 74.861606888234249 -2.3433675863935677 0.76750000000000018 9.9088597258705011 9.9758378946990636 38.890499999999982 0.99250000000000005 -0.041342552125908739 0.20323692030119636 23.755499999999987 8.6984096598396565 -5.5330000000001283
decision_type=2 2 8 10 10 10 8 10 10 10 10 10 8
left_child=7 2 6 4 -3 -4 -2 9 -5 10 -1 -9 -11
right_child=1 3 5 8 -6 -7 -8 11 -10 12 -12 -13 -14
leaf_value=-0.012868289070270678 -0.0026215141784349328 -0.012113146166193689 -0.0012176896926693031 -0.022637500180711041 0.0022193243103000543 0.0023088251116521034 0.013689015802061798 -0.0024173204855766619 -0.0062634162113233069 0 0.016977928886725703 0.0083678556991662739 -0.021611283578327336
leaf_weight=21.87992701865733 28.420929371844977 73.075452441349626 1137.1364685215522 33.097362335771322 176.21057384461164 1129.7064317669719 91.855506988242269 11.534638658165933 35.110930889844894 2.7003743648529053 4.1872824185993514 9.0914921099320036 49.091319811996073
leaf_count=2161 247 760 19934 198 1115 26974 706 285 207 207 344 178 4037
internal_value=-0.000142113 0.000305522 0.00100023 -0.00481031 -0.00189383 0.000526803 0.00959769 -0.0126162 -0.0148545 -0.0166026 -0.00651549 0.00111642 -0.0208917
internal_weight=2803.1 2704.61 2387.12 317.494 249.286 2266.84 120.276 98.485 68.2083 77.8589 26.0672 20.6261 51.7917
internal_count=57353 50141 47861 2280 1875 46908 953 7212 405 6749 2505 463 4244
is_linear=0
shrinkage=0.03


end of trees

feature_importances:
h4_atr=11
fib_dist_618=10
atr_pct=9
bb_width=8
atr_percentile=7
dist_to_asia_low=7
fib_range_atr=7
mom_3=6
dayofweek=5
asia_range=5
dist_to_asia_high=4
h1_atr=4
vol_ratio=4
h1_adx=3
h4_adx=3
fib_dist_500=3
mom_6=3
vol_trend=3
atr=2
mom_24=2
macd_hist_atr=2
spread=1
rsi=1
adx=1
plus_di=1
minus_di=1
hour_utc=1
stoch_d=1
body_ratio=1
lower_wick_ratio=1
is_london=1

parameters:
[boosting: gbdt]
[objective: binary]
[metric: auc]
[tree_learner: serial]
[device_type: cpu]
[data_sample_strategy: bagging]
[data: ]
[valid: ]
[num_iterations: 400]
[learning_rate: 0.03]
[num_leaves: 15]
[num_threads: 0]
[seed: 42]
[deterministic: 0]
[force_col_wise: 0]
[force_row_wise: 0]
[histogram_pool_size: -1]
[max_depth: 4]
[min_data_in_leaf: 200]
[min_sum_hessian_in_leaf: 0.001]
[bagging_fraction: 0.8]
[pos_bagging_fraction: 1]
[neg_bagging_fraction: 1]
[bagging_freq: 1]
[bagging_seed: 400]
[bagging_by_query: 0]
[feature_fraction: 0.7]
[feature_fraction_bynode: 1]
[feature_fraction_seed: 30056]
[extra_trees: 0]
[extra_seed: 12879]
[early_stopping_round: 0]
[early_stopping_min_delta: 0]
[first_metric_only: 0]
[max_delta_step: 0]
[lambda_l1: 1]
[lambda_l2: 1]
[linear_lambda: 0]
[min_gain_to_split: 0]
[drop_rate: 0.1]
[max_drop: 50]
[skip_drop: 0.5]
[xgboost_dart_mode: 0]
[uniform_drop: 0]
[drop_seed: 17869]
[top_rate: 0.2]
[other_rate: 0.1]
[min_data_per_group: 100]
[max_cat_threshold: 32]
[cat_l2: 10]
[cat_smooth: 10]
[max_cat_to_onehot: 4]
[top_k: 20]
[monotone_constraints: ]
[monotone_constraints_method: basic]
[monotone_penalty: 0]
[feature_contri: ]
[forcedsplits_filename: ]
[refit_decay_rate: 0.9]
[cegb_tradeoff: 1]
[cegb_penalty_split: 0]
[cegb_penalty_feature_lazy: ]
[cegb_penalty_feature_coupled: ]
[path_smooth: 0]
[interaction_constraints: ]
[verbosity: -1]
[saved_feature_importance_type: 0]
[use_quantized_grad: 0]
[num_grad_quant_bins: 4]
[quant_train_renew_leaf: 0]
[stochastic_rounding: 1]
[linear_tree: 0]
[max_bin: 255]
[max_bin_by_feature: ]
[min_data_in_bin: 3]
[bin_construct_sample_cnt: 200000]
[data_random_seed: 175]
[is_enable_sparse: 1]
[enable_bundle: 1]
[use_missing: 1]
[zero_as_missing: 0]
[feature_pre_filter: 1]
[pre_partition: 0]
[two_round: 0]
[header: 0]
[label_column: ]
[weight_column: ]
[group_column: ]
[ignore_column: ]
[categorical_feature: ]
[forcedbins_filename: ]
[precise_float_parser: 0]
[parser_config_file: ]
[objective_seed: 16083]
[num_class: 1]
[is_unbalance: 0]
[scale_pos_weight: 1]
[sigmoid: 1]
[boost_from_average: 1]
[reg_sqrt: 0]
[alpha: 0.9]
[fair_c: 1]
[poisson_max_delta_step: 0.7]
[tweedie_variance_power: 1.5]
[lambdarank_truncation_level: 30]
[lambdarank_norm: 1]
[label_gain: ]
[lambdarank_position_bias_regularization: 0]
[eval_at: ]
[multi_error_top_k: 1]
[auc_mu_weights: ]
[num_machines: 1]
[local_listen_port: 12400]
[time_out: 120]
[machine_list_filename: ]
[machines: ]
[gpu_platform_id: -1]
[gpu_device_id: -1]
[gpu_use_dp: 0]
[num_gpu: 1]

end of parameters

pandas_categorical:[]
